ly           |J           |dist                   |alph                   |W                |d
0           |        0.11|     6.05286           |[0.04,0.31,0.3,0.31,0.040           |        0.11|       6.053           |[0.042,0.306,0.303,0.306,0.042]|     5.93824|    0.114617
0.1           |        0.77|     6.91225           |[0.01,0.38,0.23,0.38,0.010.1           |        0.77|       6.912           |[0.006,0.38,0.228,0.38,0.006]|     6.80957|    0.102679
0.2           |        1.31|     6.21381           |[0.01,0.32,0.35,0.32,0.010.2           |        1.31|       6.214           |[0.007,0.321,0.345,0.321,0.007]|     6.10491|    0.108903
0.3           |        1.83|     5.93239           |[0.07,0.29,0.28,0.29,0.070.3           |        1.83|       5.932           |[0.068,0.29,0.283,0.29,0.068]|     5.80442|    0.127969
0.4           |        2.49|     6.17873           |[0.03,0.32,0.3,0.32,0.030.4           |        2.49|       6.179           |[0.026,0.324,0.3,0.324,0.026]|     6.06944|    0.109293
0.5           |        3.04|     6.08443           |[0.04,0.31,0.3,0.31,0.040.5           |        3.04|       6.084           |[0.04,0.312,0.296,0.312,0.04]|     5.97078|    0.113646
0.6           |        3.61|     6.06325           |[0.05,0.27,0.36,0.27,0.050.6           |        3.61|       6.063           |[0.051,0.269,0.358,0.269,0.051]|     5.94157|    0.121679
0.7           |        4.27|     6.16946           |[0.01,0.31,0.34,0.31,0.010.7           |        4.27|       6.169           |[0.015,0.313,0.344,0.313,0.015]|     6.05998|    0.109475
0.8           |        4.76|     6.03961           |[0.04,0.28,0.35,0.28,0.040.8           |        4.76|        6.04           |[0.043,0.284,0.346,0.284,0.043]|     5.92231|    0.117303
0.9           |        5.43|     6.13137           |[0.03,0.29,0.36,0.29,0.030.9           |        5.43|       6.131           |[0.026,0.295,0.359,0.295,0.026]|     6.01858|    0.112795
1           |        5.86|      5.9852           |[0.06,0.3,0.29,0.3,0.061           |        5.86|       5.985           |[0.056,0.298,0.291,0.298,0.056]|     5.86483|    0.120364

Наименьшее расстояние : 5.93239
При лямбде = 0.3
